100 10
102793622 265466370 265466368 2
903928572 286913732 286913722 10
929881016 511423064 511423060 4
834595020 925575163 925575157 6
332185468 300322277 300322273 4
787374510 408392921 408392911 10
864605697 108095644 108095635 9
24786362 576588051 576588042 9
780116242 536215742 536215732 10
148093786 69973827 69973820 7
154553339 547937214 547937213 1
898981489 420446346 420446336 10
24786362
102793622
148093786
154553339
332185468
780116242
787374510
834595020
864605697
898981489
903928572
929881016
